2021-09-20,779.799988,781.380005,773.239990,778.280029,102900
2021-09-21,781.979980,789.969971,781.979980,786.309998,80300
2021-09-22,790.250000,792.950012,786.849976,792.400024,66000
2021-09-23,799.150024,803.109985,797.929993,800.609985,68100
2021-09-24,797.760010,798.190002,790.630005,791.450012,68500
2021-09-27,798.489990,798.669983,787.090027,788.669983,88200
2021-09-28,787.020020,788.280029,772.450012,773.710022,109200
2021-09-29,775.679993,783.789978,774.830017,775.840027,85300
2021-09-30,782.669983,785.179993,771.789978,771.940002,106180400
2021-10-01,761.820007,766.690002,761.820007,766.690002,91181000
2021-10-04,762.260010,765.960022,756.539978,757.200012,78300
2021-10-05,758.840027,771.609985,758.840027,771.190002,83600
2021-10-06,763.489990,764.090027,751.059998,761.219971,95100
2021-10-07,771.179993,777.849976,767.640015,777.179993,88300
2021-10-08,777.450012,777.500000,772.049988,772.049988,73300
2021-10-11,771.580017,775.330017,768.219971,773.789978,67825000
2021-10-12,763.890015,773.849976,763.239990,771.469971,70100
2021-10-13,769.590027,778.909973,767.520020,777.520020,80800
2021-10-14,785.080017,791.559998,784.000000,790.840027,74673100
2021-10-15,796.640015,801.030029,792.330017,800.409973,91491600
2021-10-18,797.039978,798.479980,792.590027,796.739990,62900
2021-10-19,800.000000,803.239990,798.369995,802.489990,60300
2021-10-20,798.729980,808.359985,798.729980,805.469971,69300
2021-10-21,801.229980,809.679993,800.869995,807.640015,64100
2021-10-22,812.500000,816.969971,810.919983,812.969971,64100
2021-10-25,815.520020,816.750000,812.070007,813.020020,62500
2021-10-26,813.440002,818.309998,813.090027,816.909973,76600
2021-10-27,816.030029,818.270020,813.919983,815.289978,79800
2021-10-28,812.809998,815.950012,810.450012,812.229980,88500
2021-10-29,804.460022,811.530029,801.260010,810.909973,86500
2021-11-01,815.250000,815.630005,808.299988,811.739990,68842800
2021-11-02,809.210022,812.530029,808.419983,812.289978,68359200
2021-11-03,811.280029,816.070007,811.280029,816.010010,63223800
2021-11-04,820.710022,822.340027,818.039978,820.380005,82042000
2021-11-05,820.150024,824.719971,819.049988,819.719971,72958400
2021-11-08,818.219971,820.880005,817.479980,817.590027,59000
2021-11-09,815.270020,818.119995,813.099976,815.169983,61100
2021-11-10,817.080017,817.080017,814.630005,814.630005,76300
2021-11-11,812.219971,816.349976,809.039978,816.349976,64400
2021-11-12,815.380005,820.299988,813.059998,820.299988,60700
2021-11-15,820.919983,823.210022,817.799988,823.210022,71161500
2021-11-16,825.710022,826.500000,825.710022,826.500000,71600
2021-11-17,827.380005,829.349976,825.820007,827.570007,63800
2021-11-18,826.219971,829.659973,823.440002,825.059998,70400
2021-11-19,825.280029,828.000000,820.450012,821.799988,116777900
2021-11-22,824.250000,825.380005,815.340027,815.340027,95695700
2021-11-23,807.500000,810.109985,801.500000,802.239990,77108500
2021-11-24,804.979980,807.289978,795.280029,802.960022,91727500
2021-11-25,806.919983,808.909973,803.780029,807.549988,53564600
2021-11-26,782.270020,793.000000,779.700012,781.630005,155700
2021-11-29,791.630005,793.760010,786.380005,787.010010,100922600
2021-11-30,778.570007,786.840027,774.309998,777.390015,154400
2021-12-01,783.840027,792.159973,783.840027,790.700012,90800
2021-12-02,779.789978,783.750000,773.369995,778.799988,90800
2021-12-03,784.799988,785.099976,769.140015,772.219971,84300
2021-12-06,778.229980,780.440002,770.880005,778.429993,85000
2021-12-07,789.950012,806.130005,789.630005,805.780029,86600
2021-12-08,805.070007,809.159973,797.719971,797.719971,74800
2021-12-09,800.229980,800.830017,790.929993,791.909973,59600
2021-12-10,786.049988,793.729980,786.049988,788.010010,48500
2021-12-13,791.409973,796.229980,782.469971,783.000000,63200
2021-12-14,786.609985,788.080017,775.309998,775.750000,78600
2021-12-15,778.349976,780.440002,774.539978,775.460022,69300
2021-12-16,791.109985,793.059998,781.590027,781.590027,79000
2021-12-17,776.580017,778.000000,765.559998,771.700012,144900
2021-12-20,757.250000,765.510010,755.570007,763.030029,83400
2021-12-21,771.539978,775.280029,771.539978,774.950012,73700
2021-12-22,777.630005,782.080017,773.950012,782.080017,50600
2021-12-23,787.549988,793.200012,784.369995,792.299988,61700
2021-12-24,791.840027,793.340027,790.479980,790.479980,13870100
2021-12-27,788.840027,798.510010,788.400024,797.299988,32149200
2021-12-28,796.989990,803.590027,796.609985,800.950012,38421000
2021-12-29,801.500000,802.280029,793.559998,796.119995,40008600
2021-12-30,797.679993,800.809998,797.679993,800.250000,32300
2021-12-31,799.650024,800.359985,797.030029,797.929993,15700
2022-01-03,802.500000,805.849976,800.619995,803.309998,48000
2022-01-04,808.760010,812.549988,802.280029,804.280029,75400
2022-01-05,802.500000,805.659973,799.580017,800.750000,65100
2022-01-06,786.919983,789.280029,779.840027,785.900024,67500
2022-01-07,788.950012,789.940002,783.630005,788.429993,70800
2022-01-10,792.099976,792.419983,770.309998,773.130005,72300
2022-01-11,781.890015,783.729980,777.359985,782.349976,65700
2022-01-12,788.659973,794.130005,785.599976,790.440002,98732400
2022-01-13,789.739990,796.119995,788.460022,791.330017,79900
2022-01-14,783.140015,788.330017,781.109985,783.530029,77100
2022-01-17,782.020020,784.320007,775.080017,781.320007,61900
2022-01-18,776.570007,776.890015,766.090027,769.700012,84500
2022-01-19,763.020020,779.940002,761.840027,772.559998,94500
2022-01-20,776.090027,778.260010,770.770020,778.260010,76900
2022-01-21,763.770020,768.710022,755.919983,763.700012,99600
2022-01-24,761.039978,764.820007,734.710022,738.659973,126300
2022-01-25,746.619995,747.049988,734.419983,739.859985,100800
2022-01-26,746.340027,756.859985,746.340027,752.429993,88900
2022-01-27,737.359985,758.869995,737.359985,753.789978,97800
2022-01-28,749.210022,749.869995,734.539978,744.260010,116589200
2022-01-31,754.330017,759.109985,749.229980,755.200012,84700
2022-02-01,761.909973,765.640015,759.030029,765.219971,83400
2022-02-02,768.760010,772.229980,765.559998,765.559998,91700
2022-02-03,763.900024,764.059998,748.799988,748.809998,109400
2022-02-04,753.739990,756.250000,742.010010,747.169983,91200
2022-02-07,750.229980,758.320007,746.020020,755.690002,76195000
2022-02-08,755.239990,757.890015,750.700012,755.789978,96000
2022-02-09,765.510010,771.640015,763.880005,769.940002,109900
2022-02-10,765.789978,770.229980,758.840027,762.650024,95700
2022-02-11,754.020020,761.500000,754.020020,761.500000,84100
2022-02-14,748.960022,749.390015,737.979980,747.890015,107600
2022-02-15,745.489990,755.979980,745.400024,755.219971,85700
2022-02-16,757.429993,763.020020,754.530029,758.919983,74700
2022-02-17,759.479980,760.760010,748.229980,751.200012,75000
2022-02-18,751.270020,752.770020,742.840027,744.890015,79600
2022-02-21,747.270020,747.270020,725.359985,729.729980,65500
2022-02-22,714.760010,737.200012,714.760010,731.960022,98300
2022-02-23,734.179993,741.020020,726.630005,727.909973,78300
2022-02-24,701.840027,713.320007,699.989990,708.549988,174600
2022-02-25,714.289978,728.750000,708.250000,727.849976,138600
2022-02-28,716.760010,730.929993,712.760010,729.719971,155500
2022-03-01,728.520020,731.059998,713.460022,713.460022,139700
2022-03-02,711.539978,726.270020,709.440002,721.000000,153800
2022-03-03,721.190002,726.340027,703.780029,705.419983,119000
2022-03-04,700.140015,701.549988,671.679993,671.729980,146200
2022-03-07,660.349976,681.340027,653.090027,669.039978,189700
2022-03-08,660.729980,676.940002,652.799988,656.739990,158400
2022-03-09,670.479980,688.330017,668.440002,688.330017,153400
2022-03-10,687.229980,687.320007,670.049988,671.849976,125374100
2022-03-11,673.039978,688.280029,665.150024,674.799988,131200
2022-03-14,677.239990,681.849976,670.809998,674.299988,106444800
2022-03-15,666.219971,677.330017,660.000000,676.380005,105710400
2022-03-16,688.250000,707.219971,686.320007,703.520020,130847200
2022-03-17,708.739990,710.530029,700.609985,707.450012,93160500
2022-03-18,709.950012,716.359985,709.950012,716.359985,158150200
2022-03-21,715.419983,721.090027,714.460022,718.369995,76082600
2022-03-22,722.190002,730.000000,720.880005,728.270020,84912900
2022-03-23,730.840027,732.229980,718.349976,721.809998,94836600
2022-03-24,722.090027,723.919983,718.250000,720.849976,76010300
2022-03-25,721.150024,728.849976,717.919983,723.900024,71449200
2022-03-28,724.359985,729.960022,720.359985,720.359985,80296200
2022-03-29,729.599976,739.270020,728.960022,735.150024,107300
2022-03-30,735.530029,735.530029,730.640015,733.880005,73600
2022-03-31,732.590027,735.590027,724.200012,724.200012,78100
2022-04-01,725.989990,731.630005,723.320007,728.000000,68600
2022-04-04,732.179993,739.219971,728.309998,737.799988,64600
2022-04-05,741.309998,743.049988,732.940002,736.020020,77300
2022-04-06,734.179993,734.460022,715.369995,719.669983,89700
2022-04-07,722.070007,727.330017,715.030029,716.530029,73500
2022-04-08,725.349976,727.260010,721.260010,724.750000,74000
2022-04-11,717.750000,721.059998,713.239990,714.739990,74500
2022-04-12,708.330017,718.690002,705.030029,716.380005,83400
2022-04-13,713.229980,718.070007,711.609985,718.070007,68400
2022-04-14,719.659973,723.549988,717.020020,719.700012,86300
2022-04-19,716.369995,719.830017,707.890015,716.570007,84100
2022-04-20,721.739990,730.770020,717.320007,725.609985,94600
2022-04-21,727.210022,732.580017,726.000000,729.049988,82000
2022-04-22,718.549988,723.780029,716.799988,717.260010,77000
2022-04-25,700.950012,708.390015,696.330017,699.169983,95700
2022-04-26,711.239990,711.380005,694.219971,695.570007,87800
2022-04-27,693.750000,699.650024,687.739990,696.349976,91000
2022-04-28,704.010010,707.640015,699.419983,705.929993,81400
2022-04-29,712.390015,719.099976,709.039978,710.979980,84537300
2022-05-02,702.520020,702.520020,694.440002,694.440002,70600
2022-05-03,701.739990,706.000000,699.299988,705.950012,75500
2022-05-04,706.989990,707.159973,698.679993,698.679993,67500
2022-05-05,713.400024,713.400024,694.400024,696.190002,87000
2022-05-06,692.280029,692.559998,675.960022,682.190002,92100
2022-05-09,677.820007,684.109985,666.169983,666.169983,80700
2022-05-10,671.859985,679.590027,669.590027,669.739990,82500
2022-05-11,675.359985,683.609985,666.960022,682.700012,99100
2022-05-12,663.690002,680.059998,662.219971,675.090027,99700
2022-05-13,682.369995,694.679993,680.700012,694.130005,83800
2022-05-16,690.080017,696.340027,687.640015,694.619995,69200
2022-05-17,699.820007,707.210022,698.289978,702.580017,85500
2022-05-18,703.229980,703.750000,692.450012,693.030029,79900
2022-05-19,681.650024,684.859985,669.419983,678.349976,79200
2022-05-20,681.289978,692.190002,681.200012,682.960022,74900
2022-05-23,692.219971,694.020020,685.109985,694.020020,70700
2022-05-24,685.469971,688.559998,679.700012,679.880005,69100
2022-05-25,684.830017,684.830017,684.109985,684.109985,66800
2022-05-26,684.539978,694.179993,684.359985,692.799988,53400
2022-05-27,694.969971,702.280029,693.059998,702.280029,65800
2022-05-30,707.489990,711.669983,706.859985,708.340027,58672900
2022-05-31,714.400024,719.000000,711.450012,712.880005,156382600
2022-06-01,714.869995,714.869995,700.070007,701.190002,72800
2022-06-02,703.150024,705.169983,699.369995,703.440002,54300
2022-06-03,707.359985,707.789978,699.830017,700.690002,45100
2022-06-06,705.729980,716.130005,705.650024,711.820007,55400
2022-06-07,708.520020,710.200012,703.440002,709.140015,66100
2022-06-08,714.010010,714.010010,706.400024,710.989990,73600
2022-06-09,706.280029,712.440002,699.580017,699.580017,71900
2022-06-10,694.609985,695.669983,680.989990,681.969971,89500
2022-06-13,670.760010,671.849976,658.950012,661.539978,102000
2022-06-14,667.679993,668.750000,652.869995,652.869995,90600
2022-06-15,656.559998,665.270020,650.270020,663.210022,86900
2022-06-16,658.380005,660.419983,636.500000,638.340027,94900
2022-06-17,637.210022,646.179993,633.440002,635.750000,162100
2022-06-20,636.750000,641.429993,633.390015,641.429993,54700
2022-06-21,645.419983,651.200012,644.820007,648.030029,57000
2022-06-22,638.159973,644.460022,633.719971,641.869995,79400
2022-06-23,637.219971,643.219971,632.020020,635.929993,81500
2022-06-24,638.820007,660.880005,638.260010,660.320007,80500
2022-06-27,662.210022,676.070007,661.419983,670.530029,71800
2022-06-28,674.340027,676.109985,668.830017,669.010010,75400
2022-06-29,664.090027,669.359985,660.070007,666.570007,74450600
2022-06-30,657.260010,660.849976,652.500000,659.229980,92600
2022-07-01,651.219971,661.000000,648.700012,655.679993,75200
2022-07-04,659.140015,661.570007,656.099976,659.609985,50690300
2022-07-05,662.789978,664.059998,643.599976,644.219971,96403200
2022-07-06,655.270020,661.510010,652.940002,656.710022,94600
2022-07-07,665.479980,672.380005,663.119995,671.419983,100340800
2022-07-08,671.650024,675.150024,665.729980,674.219971,71700
2022-07-11,663.960022,673.369995,662.789978,669.169983,53100
2022-07-12,664.880005,672.080017,660.700012,670.679993,75800
2022-07-13,670.299988,670.630005,656.659973,665.909973,77300
2022-07-14,666.380005,668.460022,654.619995,659.710022,73100
2022-07-15,662.520020,672.630005,660.169983,671.919983,77773700
2022-07-18,678.679993,683.570007,676.919983,681.099976,65445400
2022-07-19,674.239990,691.059998,673.349976,689.469971,67573600
2022-07-20,688.739990,695.270020,685.890015,694.409973,74200
2022-07-21,694.489990,704.609985,694.159973,704.609985,81900
2022-07-22,704.179993,711.000000,702.770020,705.039978,69400
2022-07-25,702.789978,707.080017,699.469971,707.010010,72200
2022-07-26,708.679993,712.190002,705.210022,706.260010,68900
2022-07-27,711.049988,716.640015,709.909973,713.530029,70700
2022-07-28,718.619995,722.380005,713.520020,722.380005,90000
2022-07-29,722.729980,732.580017,722.539978,729.440002,100000
2022-08-01,728.679993,732.409973,725.309998,728.179993,73400
2022-08-02,726.880005,727.020020,720.859985,725.750000,72300
2022-08-03,726.700012,735.020020,725.010010,734.530029,71700
2022-08-04,732.559998,736.340027,729.719971,731.580017,80200
2022-08-05,730.289978,732.190002,720.489990,722.739990,74900
2022-08-08,728.210022,733.280029,725.830017,727.869995,60000
2022-08-09,727.099976,728.179993,716.479980,716.929993,60900
2022-08-10,712.820007,725.219971,712.669983,724.270020,74600
2022-08-11,728.539978,729.849976,723.210022,725.789978,80922300
2022-08-12,723.659973,726.590027,720.210022,725.760010,68656000
2022-08-15,729.669983,730.390015,722.049988,728.880005,52007600
2022-08-16,731.429993,732.289978,725.469971,728.109985,68000
2022-08-17,730.580017,730.619995,722.460022,723.090027,56400
2022-08-18,719.030029,726.109985,716.039978,725.859985,55800
2022-08-19,722.169983,728.190002,719.070007,719.520020,75500
2022-08-22,714.070007,717.020020,708.559998,711.039978,68700
2022-08-23,706.890015,712.520020,706.890015,710.869995,61100
2022-08-24,708.229980,714.719971,705.119995,713.809998,56500
2022-08-25,717.719971,720.559998,713.140015,718.250000,52000
2022-08-26,720.320007,722.570007,703.359985,705.080017,65100
2022-08-29,695.969971,701.330017,692.929993,698.330017,54400
2022-08-30,700.580017,707.690002,687.320007,690.309998,66800
2022-08-31,695.929993,697.219971,680.309998,680.309998,104500
2022-09-01,674.960022,674.960022,666.940002,666.940002,67900
2022-09-02,673.190002,679.659973,668.419983,678.570007,70300
2022-09-05,668.710022,675.450012,664.510010,674.119995,58833300
2022-09-06,672.580017,678.820007,668.539978,675.270020,57900
2022-09-07,667.650024,672.900024,664.869995,671.270020,63400
2022-09-08,673.650024,675.760010,663.630005,674.400024,68500
2022-09-09,675.960022,688.419983,675.960022,685.969971,68600
2022-09-12,687.820007,699.210022,686.830017,696.869995,75100
2022-09-13,698.679993,703.390015,684.229980,684.229980,82700
2022-09-14,679.479980,684.729980,675.719971,680.859985,73600
2022-09-15,680.450012,684.929993,672.979980,674.739990,86800
2022-09-16,668.989990,670.109985,663.479980,664.830017,162200
2022-09-19,661.780029,668.119995,657.039978,665.429993,48200
2022-09-20,667.140015,672.659973,660.090027,661.609985,75300